0	0.00997732
1	0.0199546
2	0.029932
3	0.0399093
4	0.0498866
5	0.0598639
6	0.0698413
7	0.0798186
8	0.0897959
9	0.0997732
10	0.109751
11	0.119728
12	0.129705
13	0.139683
14	0.14966
15	0.159637
16	0.169615
17	0.179592
18	0.189569
19	0.199546
20	0.209524
21	0.219501
22	0.229478
23	0.239456
24	0.249433
25	0.25941
26	0.269388
27	0.279365
28	0.289342
29	0.29932
30	0.309297
31	0.319274
32	0.329252
33	0.339229
34	0.349206
35	0.359184
36	0.369161
37	0.379138
38	0.389116
39	0.399093
40	0.40907
41	0.419048
42	0.429025
43	0.439002
44	0.44898
45	0.458957
46	0.468934
47	0.478912
48	0.488889
49	0.498866
50	0.508844
51	0.518821
52	0.528798
53	0.538776
54	0.548753
55	0.55873
56	0.568707
57	0.578685
58	0.588662
59	0.598639
60	0.608617
61	0.618594
62	0.628571
63	0.638549
64	0.648526
65	0.658503
66	0.668481
67	0.678458
68	0.688435
69	0.698413
70	0.70839
71	0.718367
72	0.728345
73	0.738322
74	0.748299
75	0.758277
76	0.768254
77	0.778231
78	0.788209
79	0.798186
80	0.808163
81	0.818141
82	0.828118
83	0.838095
84	0.848073
85	0.85805
86	0.868027
87	0.878005
88	0.887982
89	0.897959
90	0.907937
91	0.917914
92	0.927891
93	0.937868
94	0.947846
95	0.957823
96	0.9678
97	0.977778
98	0.987755
99	0.997732
100	-0.99229
101	-0.982313
102	-0.972336
103	-0.962358
104	-0.952381
105	-0.942404
106	-0.932426
107	-0.922449
108	-0.912472
109	-0.902494
110	-0.892517
111	-0.88254
112	-0.872562
113	-0.862585
114	-0.852608
115	-0.84263
116	-0.832653
117	-0.822676
118	-0.812698
119	-0.802721
120	-0.792744
121	-0.782766
122	-0.772789
123	-0.762812
124	-0.752834
125	-0.742857
126	-0.73288
127	-0.722902
128	-0.712925
129	-0.702948
130	-0.692971
131	-0.682993
132	-0.673016
133	-0.663039
134	-0.653061
135	-0.643084
136	-0.633107
137	-0.623129
138	-0.613152
139	-0.603175
140	-0.593197
141	-0.58322
142	-0.573243
143	-0.563265
144	-0.553288
145	-0.543311
146	-0.533333
147	-0.523356
148	-0.513379
149	-0.503401
150	-0.493424
151	-0.483447
152	-0.473469
153	-0.463492
154	-0.453515
155	-0.443537
156	-0.43356
157	-0.423583
158	-0.413605
159	-0.403628
160	-0.393651
161	-0.383673
162	-0.373696
163	-0.363719
164	-0.353741
165	-0.343764
166	-0.333787
167	-0.32381
168	-0.313832
169	-0.303855
170	-0.293878
171	-0.2839
172	-0.273923
173	-0.263946
174	-0.253968
175	-0.243991
176	-0.234014
177	-0.224036
178	-0.214059
179	-0.204082
180	-0.194104
181	-0.184127
182	-0.17415
183	-0.164172
184	-0.154195
185	-0.144218
186	-0.13424
187	-0.124263
188	-0.114286
189	-0.104308
190	-0.0943311
191	-0.0843537
192	-0.0743764
193	-0.0643991
194	-0.0544218
195	-0.0444444
196	-0.0344671
197	-0.0244898
198	-0.0145125
199	-0.00453515
200	0.00544218
201	0.0154195
202	0.0253968
203	0.0353741
204	0.0453515
205	0.0553288
206	0.0653061
207	0.0752834
208	0.0852608
209	0.0952381
210	0.105215
211	0.115193
212	0.12517
213	0.135147
214	0.145125
215	0.155102
216	0.165079
217	0.175057
218	0.185034
219	0.195011
220	0.204989
221	0.214966
222	0.224943
223	0.234921
224	0.244898
225	0.254875
226	0.264853
227	0.27483
228	0.284807
229	0.294785
230	0.304762
231	0.314739
232	0.324717
233	0.334694
234	0.344671
235	0.354649
236	0.364626
237	0.374603
238	0.38458
239	0.394558
240	0.404535
241	0.414512
242	0.42449
243	0.434467
244	0.444444
245	0.454422
246	0.464399
247	0.474376
248	0.484354
249	0.494331
250	0.504308
251	0.514286
252	0.524263
253	0.53424
254	0.544218
255	0.554195
256	0.564172
257	0.57415
258	0.584127
259	0.594104
260	0.604082
261	0.614059
262	0.624036
263	0.634014
264	0.643991
265	0.653968
266	0.663946
267	0.673923
268	0.6839
269	0.693878
270	0.703855
271	0.713832
272	0.72381
273	0.733787
274	0.743764
275	0.753741
276	0.763719
277	0.773696
278	0.783673
279	0.793651
280	0.803628
281	0.813605
282	0.823583
283	0.83356
284	0.843537
285	0.853515
286	0.863492
287	0.873469
288	0.883447
289	0.893424
290	0.903401
291	0.913379
292	0.923356
293	0.933333
294	0.943311
295	0.953288
296	0.963265
297	0.973243
298	0.98322
299	0.993197
300	-0.996825
301	-0.986848
302	-0.976871
303	-0.966893
304	-0.956916
305	-0.946939
306	-0.936961
307	-0.926984
308	-0.917007
309	-0.907029
310	-0.897052
311	-0.887075
312	-0.877098
313	-0.86712
314	-0.857143
315	-0.847166
316	-0.837188
317	-0.827211
318	-0.817234
319	-0.807256
320	-0.797279
321	-0.787302
322	-0.777324
323	-0.767347
324	-0.75737
325	-0.747392
326	-0.737415
327	-0.727438
328	-0.71746
329	-0.707483
330	-0.697506
331	-0.687528
332	-0.677551
333	-0.667574
334	-0.657596
335	-0.647619
336	-0.637642
337	-0.627664
338	-0.617687
339	-0.60771
340	-0.597732
341	-0.587755
342	-0.577778
343	-0.5678
344	-0.557823
345	-0.547846
346	-0.537868
347	-0.527891
348	-0.517914
349	-0.507937
350	-0.497959
351	-0.487982
352	-0.478005
353	-0.468027
354	-0.45805
355	-0.448073
356	-0.438095
357	-0.428118
358	-0.418141
359	-0.408163
360	-0.398186
361	-0.388209
362	-0.378231
363	-0.368254
364	-0.358277
365	-0.348299
366	-0.338322
367	-0.328345
368	-0.318367
369	-0.30839
370	-0.298413
371	-0.288435
372	-0.278458
373	-0.268481
374	-0.258503
375	-0.248526
376	-0.238549
377	-0.228571
378	-0.218594
379	-0.208617
380	-0.198639
381	-0.188662
382	-0.178685
383	-0.168707
384	-0.15873
385	-0.148753
386	-0.138776
387	-0.128798
388	-0.118821
389	-0.108844
390	-0.0988662
391	-0.0888889
392	-0.0789116
393	-0.0689342
394	-0.0589569
395	-0.0489796
396	-0.0390023
397	-0.0290249
398	-0.0190476
399	-0.00907029
400	0.000907029
401	0.0108844
402	0.0208617
403	0.030839
404	0.0408163
405	0.0507937
406	0.060771
407	0.0707483
408	0.0807256
409	0.0907029
410	0.10068
411	0.110658
412	0.120635
413	0.130612
414	0.14059
415	0.150567
416	0.160544
417	0.170522
418	0.180499
419	0.190476
420	0.200454
421	0.210431
422	0.220408
423	0.230385
424	0.240363
425	0.25034
426	0.260317
427	0.270295
428	0.280272
429	0.290249
430	0.300227
431	0.310204
432	0.320181
433	0.330159
434	0.340136
435	0.350113
436	0.360091
437	0.370068
438	0.380045
439	0.390023
440	0.4
441	0.409977
442	0.419955
443	0.429932
444	0.439909
445	0.449887
446	0.459864
447	0.469841
448	0.479819
449	0.489796
450	0.499773
451	0.509751
452	0.519728
453	0.529705
454	0.539683
455	0.54966
456	0.559637
457	0.569615
458	0.579592
459	0.589569
460	0.599546
461	0.609524
462	0.619501
463	0.629478
464	0.639456
465	0.649433
466	0.65941
467	0.669388
468	0.679365
469	0.689342
470	0.69932
471	0.709297
472	0.719274
473	0.729252
474	0.739229
475	0.749206
476	0.759184
477	0.769161
478	0.779138
479	0.789116
480	0.799093
481	0.80907
482	0.819048
483	0.829025
484	0.839002
485	0.84898
486	0.858957
487	0.868934
488	0.878912
489	0.888889
490	0.898866
491	0.908844
492	0.918821
493	0.928798
494	0.938776
495	0.948753
496	0.95873
497	0.968707
498	0.978685
499	0.988662
500	0.998639
501	-0.991383
502	-0.981406
503	-0.971429
504	-0.961451
505	-0.951474
506	-0.941497
507	-0.931519
508	-0.921542
509	-0.911565
510	-0.901587
511	-0.89161
512	-0.881633
513	-0.871655
514	-0.861678
515	-0.851701
516	-0.841723
517	-0.831746
518	-0.821769
519	-0.811791
520	-0.801814
521	-0.791837
522	-0.781859
523	-0.771882
524	-0.761905
525	-0.751927
526	-0.74195
527	-0.731973
528	-0.721995
529	-0.712018
530	-0.702041
531	-0.692063
532	-0.682086
533	-0.672109
534	-0.662132
535	-0.652154
536	-0.642177
537	-0.6322
538	-0.622222
539	-0.612245
540	-0.602268
541	-0.59229
542	-0.582313
543	-0.572336
544	-0.562358
545	-0.552381
546	-0.542404
547	-0.532426
548	-0.522449
549	-0.512472
550	-0.502494
551	-0.492517
552	-0.48254
553	-0.472562
554	-0.462585
555	-0.452608
556	-0.44263
557	-0.432653
558	-0.422676
559	-0.412698
560	-0.402721
561	-0.392744
562	-0.382766
563	-0.372789
564	-0.362812
565	-0.352834
566	-0.342857
567	-0.33288
568	-0.322902
569	-0.312925
570	-0.302948
571	-0.292971
572	-0.282993
573	-0.273016
574	-0.263039
575	-0.253061
576	-0.243084
577	-0.233107
578	-0.223129
579	-0.213152
580	-0.203175
581	-0.193197
582	-0.18322
583	-0.173243
584	-0.163265
585	-0.153288
586	-0.143311
587	-0.133333
588	-0.123356
589	-0.113379
590	-0.103401
591	-0.093424
592	-0.0834467
593	-0.0734694
594	-0.0634921
595	-0.0535147
596	-0.0435374
597	-0.0335601
598	-0.0235828
599	-0.0136054
600	-0.00362812
601	0.00634921
602	0.0163265
603	0.0263039
604	0.0362812
605	0.0462585
606	0.0562358
607	0.0662132
608	0.0761905
609	0.0861678
610	0.0961451
611	0.106122
612	0.1161
613	0.126077
614	0.136054
615	0.146032
616	0.156009
617	0.165986
618	0.175964
619	0.185941
620	0.195918
621	0.205896
622	0.215873
623	0.22585
624	0.235828
625	0.245805
626	0.255782
627	0.26576
628	0.275737
629	0.285714
630	0.295692
631	0.305669
632	0.315646
633	0.325624
634	0.335601
635	0.345578
636	0.355556
637	0.365533
638	0.37551
639	0.385488
640	0.395465
641	0.405442
642	0.41542
643	0.425397
644	0.435374
645	0.445351
646	0.455329
647	0.465306
648	0.475283
649	0.485261
650	0.495238
651	0.505215
652	0.515193
653	0.52517
654	0.535147
655	0.545125
656	0.555102
657	0.565079
658	0.575057
659	0.585034
660	0.595011
661	0.604989
662	0.614966
663	0.624943
664	0.634921
665	0.644898
666	0.654875
667	0.664853
668	0.67483
669	0.684807
670	0.694785
671	0.704762
672	0.714739
673	0.724717
674	0.734694
675	0.744671
676	0.754649
677	0.764626
678	0.774603
679	0.78458
680	0.794558
681	0.804535
682	0.814512
683	0.82449
684	0.834467
685	0.844444
686	0.854422
687	0.864399
688	0.874376
689	0.884354
690	0.894331
691	0.904308
692	0.914286
693	0.924263
694	0.93424
695	0.944218
696	0.954195
697	0.964172
698	0.97415
699	0.984127
700	0.994104
701	-0.995918
702	-0.985941
703	-0.975964
704	-0.965986
705	-0.956009
706	-0.946032
707	-0.936054
708	-0.926077
709	-0.9161
710	-0.906122
711	-0.896145
712	-0.886168
713	-0.87619
714	-0.866213
715	-0.856236
716	-0.846259
717	-0.836281
718	-0.826304
719	-0.816327
720	-0.806349
721	-0.796372
722	-0.786395
723	-0.776417
724	-0.76644
725	-0.756463
726	-0.746485
727	-0.736508
728	-0.726531
729	-0.716553
730	-0.706576
731	-0.696599
732	-0.686621
733	-0.676644
734	-0.666667
735	-0.656689
736	-0.646712
737	-0.636735
738	-0.626757
739	-0.61678
740	-0.606803
741	-0.596825
742	-0.586848
743	-0.576871
744	-0.566893
745	-0.556916
746	-0.546939
747	-0.536961
748	-0.526984
749	-0.517007
750	-0.507029
751	-0.497052
752	-0.487075
753	-0.477098
754	-0.46712
755	-0.457143
756	-0.447166
757	-0.437188
758	-0.427211
759	-0.417234
760	-0.407256
761	-0.397279
762	-0.387302
763	-0.377324
764	-0.367347
765	-0.35737
766	-0.347392
767	-0.337415
768	-0.327438
769	-0.31746
770	-0.307483
771	-0.297506
772	-0.287528
773	-0.277551
774	-0.267574
775	-0.257596
776	-0.247619
777	-0.237642
778	-0.227664
779	-0.217687
780	-0.20771
781	-0.197732
782	-0.187755
783	-0.177778
784	-0.1678
785	-0.157823
786	-0.147846
787	-0.137868
788	-0.127891
789	-0.117914
790	-0.107937
791	-0.0979592
792	-0.0879819
793	-0.0780045
794	-0.0680272
795	-0.0580499
796	-0.0480726
797	-0.0380952
798	-0.0281179
799	-0.0181406
800	-0.00816327
801	0.00181406
802	0.0117914
803	0.0217687
804	0.031746
805	0.0417234
806	0.0517007
807	0.061678
808	0.0716553
809	0.0816327
810	0.09161
811	0.101587
812	0.111565
813	0.121542
814	0.131519
815	0.141497
816	0.151474
817	0.161451
818	0.171429
819	0.181406
820	0.191383
821	0.201361
822	0.211338
823	0.221315
824	0.231293
825	0.24127
826	0.251247
827	0.261224
828	0.271202
829	0.281179
830	0.291156
831	0.301134
832	0.311111
833	0.321088
834	0.331066
835	0.341043
836	0.35102
837	0.360998
838	0.370975
839	0.380952
840	0.39093
841	0.400907
842	0.410884
843	0.420862
844	0.430839
845	0.440816
846	0.450794
847	0.460771
848	0.470748
849	0.480726
850	0.490703
851	0.50068
852	0.510658
853	0.520635
854	0.530612
855	0.54059
856	0.550567
857	0.560544
858	0.570522
859	0.580499
860	0.590476
861	0.600454
862	0.610431
863	0.620408
864	0.630385
865	0.640363
866	0.65034
867	0.660317
868	0.670295
869	0.680272
870	0.690249
871	0.700227
872	0.710204
873	0.720181
874	0.730159
875	0.740136
876	0.750113
877	0.760091
878	0.770068
879	0.780045
880	0.790023
881	0.8
882	0.809977
883	0.819955
884	0.829932
885	0.839909
886	0.849887
887	0.859864
888	0.869841
889	0.879819
890	0.889796
891	0.899773
892	0.909751
893	0.919728
894	0.929705
895	0.939683
896	0.94966
897	0.959637
898	0.969615
899	0.979592
900	0.989569
901	0.999546
902	-0.990476
903	-0.980499
904	-0.970522
905	-0.960544
906	-0.950567
907	-0.94059
908	-0.930612
909	-0.920635
910	-0.910658
911	-0.90068
912	-0.890703
913	-0.880726
914	-0.870748
915	-0.860771
916	-0.850794
917	-0.840816
918	-0.830839
919	-0.820862
920	-0.810884
921	-0.800907
922	-0.79093
923	-0.780952
924	-0.770975
925	-0.760998
926	-0.75102
927	-0.741043
928	-0.731066
929	-0.721088
930	-0.711111
931	-0.701134
932	-0.691156
933	-0.681179
934	-0.671202
935	-0.661224
936	-0.651247
937	-0.64127
938	-0.631293
939	-0.621315
940	-0.611338
941	-0.601361
942	-0.591383
943	-0.581406
944	-0.571429
945	-0.561451
946	-0.551474
947	-0.541497
948	-0.531519
949	-0.521542
950	-0.511565
951	-0.501587
952	-0.49161
953	-0.481633
954	-0.471655
955	-0.461678
956	-0.451701
957	-0.441723
958	-0.431746
959	-0.421769
960	-0.411791
961	-0.401814
962	-0.391837
963	-0.381859
964	-0.371882
965	-0.361905
966	-0.351927
967	-0.34195
968	-0.331973
969	-0.321995
970	-0.312018
971	-0.302041
972	-0.292063
973	-0.282086
974	-0.272109
975	-0.262132
976	-0.252154
977	-0.242177
978	-0.2322
979	-0.222222
980	-0.212245
981	-0.202268
982	-0.19229
983	-0.182313
984	-0.172336
985	-0.162358
986	-0.152381
987	-0.142404
988	-0.132426
989	-0.122449
990	-0.112472
991	-0.102494
992	-0.092517
993	-0.0825397
994	-0.0725624
995	-0.062585
996	-0.0526077
997	-0.0426304
998	-0.0326531
